camera_matrix:
  - [800.0, 0.0, 320.0]
  - [0.0, 800.0, 240.0]
  - [0.0, 0.0, 1.0]
distortion_coefficients:
  - [0.0, 0.0, 0.0, 0.0, 0.0]